0.05 0.0525677 0.0540274 0.0533252 0.0527367 0.212657
0.1 0.11103 0.111904 0.112016 0.109087 0.444037
0.15000000000000002 0.174804 0.174626 0.173677 0.174721 0.697828
0.2 0.249832 0.24928 0.247254 0.241975 0.9883409999999999
0.25 0.323157 0.325943 0.321427 0.321225 1.291752
0.30000000000000004 0.422815 0.406815 0.415359 0.412952 1.6579409999999999
0.35000000000000003 0.532919 0.528843 0.516023 0.528965 2.10675
0.4 0.661118 0.645711 0.659517 0.648194 2.6145400000000003
0.45 0.81928 0.812111 0.823209 0.801189 3.255789
0.5 0.995422 0.967476 0.988439 1.00245 3.953787
0.55 1.22429 1.24878 1.20987 1.18253 4.86547
0.6000000000000001 1.48242 1.47843 1.50212 1.46638 5.9293499999999995
0.65 1.85387 1.82666 1.81439 1.82098 7.315900000000001
0.7000000000000001 2.24103 2.16018 2.22596 2.29988 8.92705
0.75 3.04304 2.93136 3.02463 3.08745 12.086480000000002
0.8 3.94486 3.91105 3.79802 3.82849 15.48242
0.8500000000000001 5.89873 5.58065 5.75067 5.85976 23.08981
0.9 9.03982 9.28099 9.39165 8.75605 36.46851
0.9500000000000001 17.2591 21.0654 17.0319 19.465 74.8214
1.0 159.994 272.595 216.554 89.3443 738.4873
