0.000000      0.000
0.025000      2.840
0.050000      4.577
0.075000      8.343
0.100000     11.027
0.125000     14.202
0.150000     18.336
0.175000     20.275
0.200000     25.030
0.225000     27.953
0.250000     33.143
0.275000     40.418
0.300000     42.820
0.325000     47.159
0.350000     53.358
0.375000     60.579
0.400000     68.576
0.425000     74.880
0.450000     81.966
0.475000     89.923
0.500000     97.562
0.525000    110.365
0.550000    115.737
0.575000    141.117
0.600000    150.512
0.625000    161.038
0.650000    185.162
0.675000    201.140
0.700000    236.389
0.725000    263.887
0.750000    304.566
0.775000    349.667
0.800000    400.621
0.825000    477.293
0.850000    581.406
0.875000    664.392
0.900000    952.143
0.925000   1093.197
0.950000   1835.880
