0.0 0.0
0.025 6.410256410256411E-4
0.05 0.0026315789473684214
0.07500000000000001 0.006081081081081082
0.1 0.011111111111111113
0.125 0.017857142857142856
0.15 0.026470588235294117
0.175 0.03712121212121212
0.19999999999999998 0.04999999999999999
0.22499999999999998 0.06532258064516128
0.24999999999999997 0.08333333333333331
0.27499999999999997 0.10431034482758618
0.3 0.1285714285714286
0.325 0.15648148148148147
0.35000000000000003 0.1884615384615385
0.37500000000000006 0.22500000000000006
0.4000000000000001 0.26666666666666683
0.4250000000000001 0.3141304347826089
0.4500000000000001 0.3681818181818185
0.47500000000000014 0.4297619047619051
0.5000000000000001 0.5000000000000003
0.5250000000000001 0.5802631578947373
0.5500000000000002 0.6722222222222228
0.5750000000000002 0.777941176470589
0.6000000000000002 0.9000000000000011
0.6250000000000002 1.041666666666668
0.6500000000000002 1.2071428571428588
0.6750000000000003 1.401923076923079
0.7000000000000003 1.6333333333333362
0.7250000000000003 1.9113636363636404
0.7500000000000003 2.250000000000005
0.7750000000000004 2.669444444444451
0.8000000000000004 3.2000000000000095
0.8250000000000004 3.889285714285727
0.8500000000000004 4.816666666666685
0.8750000000000004 6.125000000000028
0.9000000000000005 8.100000000000046
0.9250000000000005 11.40833333333342
0.9500000000000005 18.050000000000207
