0.05      0.152      0.051      0.101      0.201
0.10      0.295      0.098      0.196      0.394
0.15      0.450      0.151      0.296      0.599
0.20      0.598      0.198      0.398      0.798
0.25      0.742      0.248      0.492      0.986
0.30      0.820      0.274      0.547      0.999
0.35      0.900      0.300      0.598      0.999
0.40      0.973      0.327      0.651      0.999
0.45      0.999      0.334      0.666      1.000
0.50      1.000      0.336      0.666      1.000
0.55      1.000      0.333      0.666      1.000
0.60      1.000      0.335      0.666      1.000
0.65      1.000      0.333      0.664      1.000
0.70      1.000      0.331      0.666      1.000
0.75      1.000      0.334      0.663      1.000
0.80      1.000      0.333      0.671      1.000
0.85      1.000      0.334      0.667      1.000
0.90      1.000      0.333      0.665      1.000
0.95      1.000      0.335      0.667      1.000
1.00      1.000      0.334      0.665      1.000

