0.05      0.150      0.050      0.100      0.200
0.10      0.300      0.100      0.200      0.400
0.15      0.450      0.150      0.300      0.600
0.20      0.600      0.200      0.400      0.800
0.25      0.750      0.250      0.500      1.000
0.30      0.900      0.300      0.600      1.200
0.35      1.050      0.350      0.700      1.400
0.40      1.200      0.400      0.800      1.600
0.45      1.350      0.450      0.900      1.800
0.50      1.500      0.500      1.000      2.000
0.55      1.650      0.550      1.100      2.200
0.60      1.800      0.600      1.200      2.400
0.65      1.950      0.650      1.300      2.600
0.70      2.101      0.700      1.400      2.800
0.75      2.251      0.750      1.500      3.000
0.80      2.401      0.800      1.600      3.200
0.85      2.551      0.850      1.700      3.400
0.90      2.701      0.900      1.800      3.600
0.95      2.851      0.950      1.900      3.800
1.00      3.001      1.000      2.000      4.000

