0.05      0.600      0.050      0.100      0.200
0.10      1.200      0.100      0.200      0.400
0.15      1.800      0.150      0.300      0.600
0.20      2.400      0.200      0.400      0.800
0.25      3.000      0.250      0.500      1.000
0.30      3.600      0.300      0.600      1.200
0.35      4.200      0.350      0.700      1.400
0.40      4.800      0.400      0.800      1.600
0.45      5.400      0.450      0.900      1.800
0.50      6.000      0.500      1.000      2.000
0.55      6.600      0.550      1.100      2.200
0.60      7.200      0.600      1.200      2.400
0.65      7.800      0.650      1.300      2.600
0.70      8.400      0.700      1.400      2.800
0.75      9.000      0.750      1.500      3.000
0.80      9.600      0.800      1.600      3.200
0.85     10.200      0.850      1.700      3.400
0.90     10.800      0.900      1.800      3.600
0.95     11.400      0.950      1.900      3.800
1.00     12.000      1.000      2.000      4.000
