0.05 0.616144 0.0522795 0.106719 0.160235 
0.1 0.999723 0.0815871 0.167449 0.248063 
0.15000000000000002 0.999954 0.0831375 0.167238 0.249308 
0.2 1.00006 0.0837348 0.169847 0.248138 
0.25 0.999996 0.0850414 0.170202 0.246994 
0.30000000000000004 1 0.0835533 0.170497 0.252167 
0.35000000000000003 1.00001 0.0828246 0.163975 0.240514 
0.4 1.00002 0.0819139 0.166089 0.251235 
0.45 1 0.0827992 0.165906 0.245166 
0.5 1.00005 0.0822107 0.164467 0.249777 
0.55 1.00001 0.0850709 0.168989 0.246655 
0.6000000000000001 1 0.0835779 0.167817 0.248793 
0.65 1.00002 0.0828624 0.163388 0.247668 
0.7000000000000001 1 0.0836695 0.168812 0.248241 
0.75 1.00002 0.0838915 0.169915 0.247635 
0.8 1 0.0849807 0.172142 0.243245 
0.8500000000000001 1.00001 0.0834165 0.165262 0.249835 
0.9 1.00002 0.0827001 0.165811 0.243397 
0.9500000000000001 1 0.0840941 0.16842 0.24048 
1.0 1 0.0841934 0.167102 0.251258 
