0.05 7.91506 1.04848 2.27684 3.75128 14.99166
0.1 2270.25 1.07197 2.40801 3.87642 2277.6064
0.15000000000000002 8550.46 1.07395 2.42415 4.01892 8557.97702
0.2 13449.7 1.09367 2.42624 4.03713 13457.257040000002
0.25 16759.8 1.11534 2.41942 3.96589 16767.300649999997
0.30000000000000004 19670.5 1.09169 2.43038 3.94333 19677.9654
0.35000000000000003 22171.3 1.08528 2.32883 3.81626 22178.530369999997
0.4 24283.5 1.07721 2.42658 3.97876 24290.98255
0.45 26150.9 1.08959 2.38023 3.83754 26158.20736
0.5 27914 1.08097 2.37523 3.96961 27921.42581
0.55 29153 1.09991 2.39525 3.95455 29160.44971
0.6000000000000001 30267.1 1.08984 2.42572 3.9227 30274.538259999998
0.65 31561.6 1.08076 2.36887 3.9346 31568.98423
0.7000000000000001 32494.3 1.08888 2.40806 4.05285 32501.84979
0.75 33310.5 1.09642 2.42969 3.88811 33317.91422
0.8 33996 1.11183 2.45549 3.83218 34003.3995
0.8500000000000001 34876.7 1.09714 2.38168 3.99413 34884.17294999999
0.9 35340 1.07875 2.37193 3.90425 35347.35493
0.9500000000000001 36476.9 1.09763 2.41981 3.83108 36484.24852
1.0 36889.4 1.1158 2.35687 4.10138 36896.974050000004
