0.05      7.500      1.053      2.222      5.000     15.775
0.10    -15.000      1.111      2.500      6.667     -4.722
0.15     -3.750      1.176      2.857     10.000     10.284
0.20     -2.143      1.250      3.333     20.000     22.440
0.25     -1.500      1.333      4.000        inf        inf
0.30     -1.154      1.429      5.000    -20.000    -14.725
0.35     -0.937      1.538      6.667    -10.000     -2.732
0.40     -0.789      1.667     10.000     -6.667      4.211
0.45     -0.682      1.818     20.000     -5.000     16.136
0.50     -0.600      2.000 -16777216.000     -4.000 -16777218.600
0.55     -0.536      2.222    -20.000     -3.333    -21.647
0.60     -0.484      2.500    -10.000     -2.857    -10.841
0.65     -0.441      2.857     -6.667     -2.500     -6.751
0.70     -0.405      3.333     -5.000     -2.222     -4.294
0.75     -0.375      4.000     -4.000     -2.000     -2.375
0.80     -0.349      5.000     -3.333     -1.818     -0.500
0.85     -0.326      6.667     -2.857     -1.667      1.817
0.90     -0.306     10.000     -2.500     -1.538      5.655
0.95     -0.288     20.000     -2.222     -1.429     16.061
1.00     -0.273 -8388608.000     -2.000     -1.333 -8388611.606
