0.05      0.177      0.053      0.111      0.250      0.590
0.10      0.429      0.111      0.250      0.667      1.457
0.15      0.819      0.176      0.429      1.500      2.924
0.20      1.501      0.250      0.667      4.000      6.418
0.25      3.003      0.333      1.000        inf        inf
0.30      9.023      0.429      1.500     -6.000      4.951
0.35    -20.895      0.538      2.333     -3.500    -21.524
0.40     -5.993      0.667      4.000     -2.667     -3.993
0.45     -3.854      0.818      9.000     -2.250      3.714
0.50     -2.998      1.000 -8388609.000     -2.000 -8388612.998
0.55     -2.537      1.222    -11.000     -1.833    -14.149
0.60     -2.249      1.500     -6.000     -1.714     -8.464
0.65     -2.052      1.857     -4.333     -1.625     -6.153
0.70     -1.909      2.333     -3.500     -1.556     -4.631
0.75     -1.800      3.000     -3.000     -1.500     -3.300
0.80     -1.714      4.000     -2.667     -1.455     -1.835
0.85     -1.645      5.667     -2.429     -1.417      0.177
0.90     -1.588      9.000     -2.250     -1.385      3.777
0.95     -1.540     19.000     -2.111     -1.357     13.991
1.00     -1.500 -8388609.000     -2.000     -1.333 -8388613.833

