0.05      0.179      0.054      0.113      0.253      0.599
0.10      0.418      0.108      0.244      0.646      1.416
0.15      0.818      0.178      0.421      1.487      2.904
0.20      1.487      0.246      0.663      3.912      6.308
0.25      2.900      0.329      0.960     45.408     49.597
0.30      4.577      0.377      1.210    674.691    680.856
0.35      8.761      0.433      1.481   1266.539   1277.214
0.40     42.049      0.484      1.851   1855.997   1900.381
0.45    888.363      0.504      2.005   2062.947   2953.819
0.50   2110.715      0.507      1.994   2073.271   4186.487
0.55   3373.134      0.497      1.978   2081.418   5457.027
0.60   4588.337      0.504      1.984   2054.942   6645.767
0.65   5866.634      0.502      1.983   2057.856   7926.975
0.70   7106.962      0.493      1.997   2063.706   9173.159
0.75   8286.920      0.501      1.976   2075.519  10364.917
0.80   9573.595      0.499      2.040   2044.649  11620.783
0.85  10839.096      0.503      1.981   2095.816  12937.396
0.90  12103.834      0.497      1.999   2097.552  14203.882
0.95  13409.380      0.502      2.000   2058.160  15470.042
1.00  14598.586      0.502      2.008   2098.590  16699.687

