0.05      0.262      1.051      1.056      1.059      3.427
0.10      0.277      1.105      1.121      1.121      3.625
0.15      0.293      1.183      1.165      1.174      3.814
0.20      0.313      1.251      1.254      1.255      4.073
0.25      0.332      1.326      1.337      1.337      4.333
0.30      0.356      1.423      1.425      1.414      4.618
0.35      0.385      1.543      1.539      1.539      5.006
0.40      0.416      1.677      1.669      1.657      5.418
0.45      0.453      1.805      1.808      1.806      5.872
0.50      0.501      2.002      2.007      1.984      6.493
0.55      0.557      2.222      2.213      2.217      7.208
0.60      0.625      2.504      2.505      2.530      8.164
0.65      0.711      2.821      2.879      2.775      9.186
0.70      0.827      3.338      3.304      3.286     10.755
0.75      1.009      4.003      4.059      4.048     13.118
0.80      1.248      4.955      4.935      5.035     16.172
0.85      1.647      6.614      6.562      6.390     21.214
0.90      2.456      9.358      9.965      9.713     31.492
0.95      4.894     21.509     22.063     18.514     66.980
1.00     26.974     68.210     92.349     75.233    262.766

