0.05      0.263      1.053      1.053      1.053      3.421
0.10      0.278      1.111      1.111      1.111      3.611
0.15      0.294      1.176      1.176      1.176      3.823
0.20      0.312      1.250      1.250      1.250      4.062
0.25      0.333      1.333      1.333      1.333      4.333
0.30      0.357      1.428      1.428      1.428      4.642
0.35      0.385      1.538      1.538      1.538      4.999
0.40      0.417      1.666      1.666      1.666      5.416
0.45      0.455      1.818      1.818      1.818      5.908
0.50      0.500      2.000      2.000      2.000      6.499
0.55      0.556      2.222      2.222      2.222      7.221
0.60      0.625      2.499      2.499      2.499      8.123
0.65      0.714      2.856      2.856      2.856      9.283
0.70      0.833      3.332      3.332      3.332     10.830
0.75      1.000      3.998      3.998      3.998     12.995
0.80      1.250      4.998      4.998      4.998     16.242
0.85      1.666      6.662      6.662      6.662     21.653
0.90      2.499      9.990      9.990      9.990     32.469
0.95      4.998     19.960     19.960     19.960     64.878
1.00  10058.032  10009.271  10009.271  10009.271  40085.846

