0.0 0.0
0.05 0.5263157894736843
0.1 1.1111111111111112
0.15000000000000002 1.7647058823529416
0.2 2.5
0.25 3.333333333333333
0.3 4.2857142857142865
0.35 5.384615384615384
0.39999999999999997 6.666666666666665
0.44999999999999996 8.18181818181818
0.49999999999999994 9.999999999999998
0.5499999999999999 12.222222222222218
0.6 14.999999999999998
0.65 18.571428571428573
0.7000000000000001 23.33333333333334
0.7500000000000001 30.000000000000018
0.8000000000000002 40.000000000000036
0.8500000000000002 56.66666666666676
0.9000000000000002 90.00000000000026
0.9500000000000003 190.00000000000117
