0.0 NaN
0.05 0.4967541836497354
0.1 1.065401598849619
0.15000000000000002 1.8201106952820176
0.2 2.48908138113857
0.25 3.2239504713125213
0.3 4.156836136737505
0.35 5.292461013751354
0.39999999999999997 6.580334388037576
0.44999999999999996 8.117509513550498
0.49999999999999994 9.631952469237763
0.5499999999999999 12.454865572342774
0.6 14.54605210338882
0.65 18.390392251497396
0.7000000000000001 22.920579508499195
0.7500000000000001 29.08499177803397
0.8000000000000002 43.37609890897522
0.8500000000000002 55.211696874988675
0.9000000000000002 89.22498675567506
0.9500000000000003 182.41803509042933
