0.0 0.0
0.05 0.050346
0.1 0.10541399999999998
0.15000000000000002 0.166267
0.2 0.24088900000000005
0.25 0.331593
0.3 0.41070400000000007
0.35 0.515651
0.39999999999999997 0.6609150000000001
0.44999999999999996 0.8074840000000002
0.49999999999999994 1.003545
0.5499999999999999 1.2100820000000003
0.6 1.4681899999999999
0.65 1.8907070000000001
0.7000000000000001 2.3390250000000004
0.7500000000000001 2.968813
0.8000000000000002 4.043076000000001
0.8500000000000002 5.631226
0.9000000000000002 8.739323
0.9500000000000003 18.066714999999995
