0.0 0.0
0.05 0.052631578947368425
0.1 0.11111111111111112
0.15000000000000002 0.17647058823529416
0.2 0.25
0.25 0.3333333333333333
0.3 0.4285714285714286
0.35 0.5384615384615384
0.39999999999999997 0.6666666666666665
0.44999999999999996 0.818181818181818
0.49999999999999994 0.9999999999999999
0.5499999999999999 1.2222222222222219
0.6 1.4999999999999998
0.65 1.8571428571428574
0.7000000000000001 2.333333333333334
0.7500000000000001 3.0000000000000018
0.8000000000000002 4.0000000000000036
0.8500000000000002 5.666666666666676
0.9000000000000002 9.000000000000025
0.9500000000000003 19.000000000000117
