0.0 0.0
0.05 0.0026315789473684214
0.1 0.011111111111111113
0.15000000000000002 0.026470588235294128
0.2 0.05
0.25 0.08333333333333333
0.3 0.1285714285714286
0.35 0.18846153846153843
0.39999999999999997 0.2666666666666666
0.44999999999999996 0.36818181818181805
0.49999999999999994 0.4999999999999999
0.5499999999999999 0.6722222222222219
0.6 0.8999999999999998
0.65 1.2071428571428573
0.7000000000000001 1.633333333333334
0.7500000000000001 2.2500000000000018
0.8000000000000002 3.2000000000000033
0.8500000000000002 4.816666666666675
0.9000000000000002 8.100000000000025
0.9500000000000003 18.050000000000118
