0.0 0.0
0.05 0.002273
0.1 0.011037000000000002
0.15000000000000002 0.027176999999999996
0.2 0.05109699999999999
0.25 0.08376299999999999
0.3 0.132996
0.35 0.19041900000000003
0.39999999999999997 0.27408
0.44999999999999996 0.360453
0.49999999999999994 0.508745
0.5499999999999999 0.725204
0.6 0.9011650000000001
0.65 1.279568
0.7000000000000001 1.545777
0.7500000000000001 2.3913699999999998
0.8000000000000002 3.1396170000000003
0.8500000000000002 4.6619139999999994
0.9000000000000002 10.516802000000002
0.9500000000000003 16.313667000000002
