0.05 0.260998 1.05895 1.05532 1.06647 3.441738
0.1 0.276311 1.10381 1.12005 1.0947 3.594871
0.15000000000000002 0.29357 1.17625 1.17405 1.17341 3.81728
0.2 0.315019 1.25798 1.24524 1.22364 4.041879
0.25 0.328863 1.33589 1.31002 1.30995 4.284723
0.30000000000000004 0.358534 1.38377 1.408 1.41161 4.561914
0.35000000000000003 0.384474 1.51923 1.49516 1.53341 4.932274
0.4 0.416694 1.63178 1.65841 1.64596 5.352844
0.45 0.454801 1.80001 1.82368 1.78213 5.860621
0.5 0.498622 1.94781 1.98481 2.00216 6.433402
0.55 0.555944 2.25636 2.20114 2.15968 7.173124
0.6000000000000001 0.615136 2.45477 2.48633 2.44812 8.004356
0.65 0.714629 2.80956 2.79714 2.81292 9.134249
0.7000000000000001 0.804479 3.09489 3.22094 3.29769 10.417999
0.75 1.01012 3.89155 4.01563 4.09742 13.01472
0.8 1.23842 4.88744 4.78352 4.82251 15.73189
0.8500000000000001 1.72993 6.54028 6.77242 6.8705 21.913130000000002
0.9 2.51138 10.2935 10.4512 9.74146 32.99754
0.9500000000000001 4.53642 22.0404 17.9654 20.4314 64.97362
1.0 40.2465 273.382 218.239 90.2471 622.1146000000001
