0.0 0.0
0.025 2.5641025641025643
0.05 5.2631578947368425
0.07500000000000001 8.108108108108109
0.1 11.111111111111112
0.125 14.285714285714285
0.15 17.647058823529413
0.175 21.21212121212121
0.19999999999999998 24.999999999999996
0.22499999999999998 29.032258064516125
0.24999999999999997 33.33333333333333
0.27499999999999997 37.93103448275861
0.3 42.85714285714286
0.325 48.148148148148145
0.35000000000000003 53.846153846153854
0.37500000000000006 60.00000000000001
0.4000000000000001 66.6666666666667
0.4250000000000001 73.9130434782609
0.4500000000000001 81.81818181818187
0.47500000000000014 90.47619047619052
0.5000000000000001 100.00000000000004
0.5250000000000001 110.52631578947374
0.5500000000000002 122.2222222222223
0.5750000000000002 135.29411764705893
0.6000000000000002 150.00000000000014
0.6250000000000002 166.66666666666683
0.6500000000000002 185.71428571428592
0.6750000000000003 207.69230769230793
0.7000000000000003 233.33333333333366
0.7250000000000003 263.6363636363641
0.7500000000000003 300.0000000000005
0.7750000000000004 344.44444444444514
0.8000000000000004 400.00000000000097
0.8250000000000004 471.42857142857275
0.8500000000000004 566.6666666666686
0.8750000000000004 700.0000000000028
0.9000000000000005 900.0000000000047
0.9250000000000005 1233.3333333333421
0.9500000000000005 1900.0000000000207
