0.0 0.0
0.025 0.02582028
0.05 0.05254361999999999
0.07500000000000001 0.08114308
0.1 0.11151776
0.125 0.14301414999999998
0.15 0.17570516
0.175 0.21238983
0.19999999999999998 0.24984464999999995
0.22499999999999998 0.29004512
0.24999999999999997 0.33359086000000004
0.27499999999999997 0.37810852
0.3 0.42830387
0.325 0.4813405800000001
0.35000000000000003 0.53941184
0.37500000000000006 0.5976244599999999
0.4000000000000001 0.66465785
0.4250000000000001 0.74137331
0.4500000000000001 0.82373453
0.47500000000000014 0.89804165
0.5000000000000001 1.00250215
0.5250000000000001 1.11277309
0.5500000000000002 1.2221540100000001
0.5750000000000002 1.37108049
0.6000000000000002 1.50524754
0.6250000000000002 1.67241009
0.6500000000000002 1.8757586400000004
0.6750000000000003 2.09550926
0.7000000000000003 2.3298711600000006
0.7250000000000003 2.63574985
0.7500000000000003 3.0012311699999996
0.7750000000000004 3.4502186000000004
0.8000000000000004 4.026594659999999
0.8250000000000004 4.73899065
0.8500000000000004 5.76244593
0.8750000000000004 7.0156116100000006
0.9000000000000005 9.079147019999999
0.9250000000000005 12.480046390000002
0.9500000000000005 19.646743920000002
