0.000000      0.000
0.025000      0.026
0.050000      0.052
0.075000      0.082
0.100000      0.109
0.125000      0.141
0.150000      0.180
0.175000      0.210
0.200000      0.255
0.225000      0.284
0.250000      0.335
0.275000      0.392
0.300000      0.430
0.325000      0.478
0.350000      0.532
0.375000      0.610
0.400000      0.673
0.425000      0.748
0.450000      0.813
0.475000      0.904
0.500000      0.990
0.525000      1.106
0.550000      1.179
0.575000      1.402
0.600000      1.507
0.625000      1.626
0.650000      1.852
0.675000      2.027
0.700000      2.354
0.725000      2.633
0.750000      3.045
0.775000      3.490
0.800000      4.001
0.825000      4.776
0.850000      5.837
0.875000      6.679
0.900000      9.521
0.925000     10.987
0.950000     18.508
