0.000000      0.000
0.025000      0.001
0.050000      0.002
0.075000      0.006
0.100000      0.011
0.125000      0.018
0.150000      0.028
0.175000      0.035
0.200000      0.051
0.225000      0.062
0.250000      0.084
0.275000      0.113
0.300000      0.129
0.325000      0.153
0.350000      0.185
0.375000      0.229
0.400000      0.274
0.425000      0.319
0.450000      0.365
0.475000      0.429
0.500000      0.490
0.525000      0.582
0.550000      0.634
0.575000      0.819
0.600000      0.905
0.625000      1.006
0.650000      1.203
0.675000      1.355
0.700000      1.652
0.725000      1.911
0.750000      2.291
0.775000      2.711
0.800000      3.204
0.825000      3.948
0.850000      4.980
0.875000      5.810
0.900000      8.616
0.925000     10.071
0.950000     17.553
