0.05      0.051      0.051      0.051      0.051
0.10      0.099      0.099      0.101      0.100
0.15      0.151      0.153      0.150      0.151
0.20      0.201      0.201      0.200      0.201
0.25      0.250      0.250      0.251      0.251
0.30      0.299      0.299      0.298      0.298
0.35      0.350      0.349      0.349      0.350
0.40      0.400      0.403      0.400      0.401
0.45      0.447      0.446      0.447      0.448
0.50      0.501      0.502      0.501      0.501
0.55      0.551      0.552      0.549      0.552
0.60      0.600      0.600      0.598      0.601
0.65      0.648      0.648      0.648      0.642
0.70      0.698      0.701      0.698      0.697
0.75      0.750      0.753      0.750      0.751
0.80      0.799      0.799      0.798      0.802
0.85      0.847      0.849      0.849      0.842
0.90      0.897      0.895      0.897      0.896
0.95      0.950      0.952      0.951      0.944
1.00      0.990      0.986      0.990      0.988

