0.05      1.500      0.053      0.111      0.250      1.914
0.10     -6.000      0.111      0.250      0.667     -4.972
0.15     -2.250      0.176      0.429      1.500     -0.145
0.20     -1.714      0.250      0.667      4.000      3.202
0.25     -1.500      0.333      1.000        inf        inf
0.30     -1.385      0.429      1.500     -6.000     -5.456
0.35     -1.312      0.538      2.333     -3.500     -1.941
0.40     -1.263      0.667      4.000     -2.667      0.737
0.45     -1.227      0.818      9.000     -2.250      6.341
0.50     -1.200      1.000 -8388609.000     -2.000 -8388611.200
0.55     -1.179      1.222    -11.000     -1.833    -12.790
0.60     -1.161      1.500     -6.000     -1.714     -7.376
0.65     -1.147      1.857     -4.333     -1.625     -5.248
0.70     -1.135      2.333     -3.500     -1.556     -3.857
0.75     -1.125      3.000     -3.000     -1.500     -2.625
0.80     -1.116      4.000     -2.667     -1.455     -1.237
0.85     -1.109      5.667     -2.429     -1.417      0.713
0.90     -1.102      9.000     -2.250     -1.385      4.263
0.95     -1.096     19.000     -2.111     -1.357     14.436
1.00     -1.091 -8388609.000     -2.000     -1.333 -8388613.424
