0.05 1.64704 0.0546573 0.120377 0.194692 2.0167663
0.1 794.035 0.0888126 0.199985 0.327594 794.6513915999999
0.15000000000000002 3413.07 0.0901154 0.203192 0.335459 3413.6987664
0.2 6068.5 0.0915186 0.204137 0.335566 6069.1312216
0.25 8411.41 0.0936776 0.205506 0.33254 8412.0417236
0.30000000000000004 10852.2 0.0916913 0.205829 0.332541 10852.830061300001
0.35000000000000003 13424.5 0.0904474 0.195249 0.316483 13425.1021794
0.4 15832.7 0.0895158 0.200168 0.335648 15833.3253318
0.45 18191.9 0.0910353 0.199368 0.320856 18192.5112593
0.5 20963.6 0.0896558 0.197453 0.335988 20964.223096799997
0.55 23421 0.0927662 0.203572 0.32803 23421.6243682
0.6000000000000001 25963.8 0.0909152 0.203202 0.32675 25964.4208672
0.65 28384.9 0.0903409 0.19619 0.329247 28385.5157779
0.7000000000000001 30954.7 0.0917384 0.202133 0.336022 30955.329893399998
0.75 33538.2 0.0916495 0.206451 0.324968 33538.823068499994
0.8 35758 0.0938831 0.20825 0.315312 35758.617445100004
0.8500000000000001 38311.1 0.0913483 0.198751 0.335427 38311.7255263
0.9 40759.6 0.0906471 0.197819 0.322764 40760.211230099994
0.9500000000000001 43704.2 0.0918281 0.203918 0.312808 43704.8085541
1.0 45784.4 0.0923661 0.199721 0.341481 45785.0335681
