0.05 2.0167663
0.1 794.6513915999999
0.15000000000000002 3413.6987664
0.2 6069.1312216
0.25 8412.0417236
0.30000000000000004 10852.830061300001
0.35000000000000003 13425.1021794
0.4 15833.3253318
0.45 18192.5112593
0.5 20964.223096799997
0.55 23421.6243682
0.6000000000000001 25964.4208672
0.65 28385.5157779
0.7000000000000001 30955.329893399998
0.75 33538.823068499994
0.8 35758.617445100004
0.8500000000000001 38311.7255263
0.9 40760.211230099994
0.9500000000000001 43704.8085541
1.0 45785.0335681
