0.05      0.882      1.059      2.242      4.976      9.159
0.10      1.058      1.098      2.492      6.553     11.200
0.15      1.363      1.184      2.805      9.933     15.284
0.20      1.865      1.234      3.329     19.586     26.014
0.25      2.929      1.334      3.896    182.672    190.830
0.30      4.179      1.377      4.422   2465.525   2475.504
0.35      7.298      1.446      4.950   4202.827   4216.521
0.40     32.189      1.479      5.703   5759.820   5799.191
0.45    649.936      1.509      6.016   6183.985   6841.446
0.50   1487.629      1.514      5.990   6246.372   7741.505
0.55   2298.065      1.491      5.945   6241.910   8547.411
0.60   3015.960      1.507      5.953   6124.953   9148.373
0.65   3749.016      1.504      5.941   6176.426   9932.887
0.70   4407.937      1.488      5.987   6214.793  10630.205
0.75   4990.062      1.505      5.957   6234.518  11232.043
0.80   5578.268      1.498      6.099   6167.298  11753.163
0.85   6140.702      1.510      5.935   6265.068  12413.214
0.90   6660.652      1.494      5.995   6304.106  12972.246
0.95   7160.254      1.499      5.980   6171.790  13339.524
1.00   7614.806      1.509      6.005   6282.984  13905.305


