0.05      0.883      1.053      2.222      5.000      9.157
0.10      1.072      1.111      2.500      6.667     11.350
0.15      1.364      1.176      2.857     10.000     15.398
0.20      1.876      1.250      3.333     20.000     26.460
0.25      3.003      1.333      4.000        inf        inf
0.30      7.519      1.429      5.000    -20.000     -6.053
0.35    -14.925      1.538      6.667    -10.000    -16.720
0.40     -3.745      1.667     10.000     -6.667      1.255
0.45     -2.141      1.818     20.000     -5.000     14.677
0.50     -1.499      2.000 -16777216.000     -4.000 -16777219.499
0.55     -1.153      2.222    -20.000     -3.333    -22.264
0.60     -0.937      2.500    -10.000     -2.857    -11.294
0.65     -0.789      2.857     -6.667     -2.500     -7.099
0.70     -0.682      3.333     -5.000     -2.222     -4.571
0.75     -0.600      4.000     -4.000     -2.000     -2.600
0.80     -0.536      5.000     -3.333     -1.818     -0.687
0.85     -0.484      6.667     -2.857     -1.667      1.659
0.90     -0.441     10.000     -2.500     -1.538      5.520
0.95     -0.405     20.000     -2.222     -1.429     15.944
1.00     -0.375 -8388608.000     -2.000     -1.333 -8388611.708

