0.05      0.053      0.054      0.054      0.054      0.215
0.10      0.110      0.110      0.112      0.111      0.444
0.15      0.177      0.179      0.176      0.177      0.710
0.20      0.251      0.252      0.250      0.252      1.005
0.25      0.333      0.332      0.334      0.335      1.334
0.30      0.426      0.426      0.424      0.423      1.699
0.35      0.538      0.539      0.536      0.541      2.154
0.40      0.666      0.673      0.668      0.664      2.670
0.45      0.811      0.806      0.808      0.811      3.236
0.50      1.005      1.006      1.006      0.994      4.011
0.55      1.226      1.224      1.218      1.223      4.891
0.60      1.499      1.503      1.498      1.519      6.020
0.65      1.842      1.831      1.862      1.789      7.324
0.70      2.312      2.336      2.306      2.296      9.250
0.75      3.033      3.014      3.053      3.048     12.147
0.80      3.994      3.961      3.948      4.033     15.936
0.85      5.581      5.608      5.563      5.399     22.152
0.90      8.820      8.402      8.943      8.708     34.873
0.95     18.602     20.503     20.977     17.558     77.639
1.00    107.182     67.744     91.743     74.679    341.348

