0.05      0.053      0.053      0.053      0.053      0.211
0.10      0.111      0.111      0.111      0.111      0.444
0.15      0.176      0.176      0.176      0.176      0.706
0.20      0.250      0.250      0.250      0.250      1.000
0.25      0.333      0.333      0.333      0.333      1.333
0.30      0.429      0.429      0.429      0.429      1.714
0.35      0.538      0.538      0.538      0.538      2.154
0.40      0.667      0.667      0.667      0.667      2.666
0.45      0.818      0.818      0.818      0.818      3.272
0.50      1.000      1.000      1.000      1.000      3.999
0.55      1.222      1.222      1.222      1.222      4.888
0.60      1.500      1.500      1.500      1.500      5.999
0.65      1.857      1.857      1.857      1.857      7.427
0.70      2.333      2.333      2.333      2.333      9.331
0.75      3.000      2.999      2.999      2.999     11.996
0.80      4.000      3.998      3.998      3.998     15.994
0.85      5.666      5.663      5.663      5.663     22.654
0.90      8.998      8.991      8.991      8.991     35.971
0.95     18.991     18.962     18.962     18.962     75.877
1.00  40232.133  10009.272  10009.272  10009.272  70259.950

