0.05      0.050      0.050      0.050      0.050
0.10      0.100      0.100      0.100      0.100
0.15      0.150      0.150      0.150      0.150
0.20      0.200      0.200      0.200      0.200
0.25      0.250      0.250      0.250      0.250
0.30      0.300      0.300      0.300      0.300
0.35      0.350      0.350      0.350      0.350
0.40      0.400      0.400      0.400      0.400
0.45      0.450      0.450      0.450      0.450
0.50      0.500      0.500      0.500      0.500
0.55      0.550      0.550      0.550      0.550
0.60      0.600      0.600      0.600      0.600
0.65      0.650      0.650      0.650      0.650
0.70      0.700      0.700      0.700      0.700
0.75      0.750      0.750      0.750      0.750
0.80      0.800      0.800      0.800      0.800
0.85      0.850      0.850      0.850      0.850
0.90      0.900      0.900      0.900      0.900
0.95      0.950      0.950      0.950      0.950
1.00      1.000      1.000      1.000      1.000

