0.05 0.0501156 0.0514148 0.0506285 0.0496988 
0.1 0.0998619 0.100945 0.10034 0.0988814 
0.15000000000000002 0.148624 0.14867 0.147726 0.148684 
0.2 0.1988 0.198991 0.196603 0.196502 
0.25 0.245036 0.246191 0.244338 0.243675 
0.30000000000000004 0.295463 0.29283 0.294993 0.291153 
0.35000000000000003 0.346827 0.346968 0.340825 0.343444 
0.4 0.397022 0.394045 0.396638 0.392208 
0.45 0.450323 0.451289 0.451672 0.445902 
0.5 0.499052 0.492622 0.499184 0.499091 
0.55 0.550025 0.550262 0.54839 0.543888 
0.6000000000000001 0.600879 0.600358 0.605154 0.597131 
0.65 0.648754 0.649693 0.646705 0.64503 
0.7000000000000001 0.695379 0.694656 0.690876 0.700685 
0.75 0.754047 0.752095 0.750064 0.756351 
0.8 0.793789 0.802459 0.793412 0.793557 
0.8500000000000001 0.85405 0.848735 0.846892 0.851929 
0.9 0.901118 0.904447 0.898313 0.899866 
0.9500000000000001 0.952237 0.952438 0.943287 0.95041 
1.0 0.993606 0.995242 0.99467 0.991112 
