0.0 NaN
0.025 2.4397148197609173
0.05 5.53151619298937
0.07500000000000001 7.857859724347444
0.1 11.098337337051786
0.125 14.01866412014401
0.15 17.794722252591107
0.175 21.272832058642177
0.19999999999999998 25.068386699578177
0.22499999999999998 29.564288187858104
0.24999999999999997 33.408429824155874
0.27499999999999997 38.59821713713201
0.3 43.389430597223296
0.325 47.91284741833538
0.35000000000000003 53.63233392496321
0.37500000000000006 59.601339502798815
0.4000000000000001 66.43684987003078
0.4250000000000001 74.13272234341416
0.4500000000000001 81.88278147192806
0.47500000000000014 90.2699975062224
0.5000000000000001 99.31164485563866
0.5250000000000001 111.07292888316447
0.5500000000000002 121.47790081658306
0.5750000000000002 134.13336934385725
0.6000000000000002 148.38288272036988
0.6250000000000002 165.41115491890088
0.6500000000000002 190.41631991655964
0.6750000000000003 208.90265638394652
0.7000000000000003 233.9287073383522
0.7250000000000003 268.34083160891413
0.7500000000000003 293.2986043304039
0.7750000000000004 346.69157818356774
0.8000000000000004 402.3045941248126
0.8250000000000004 472.2975726360904
0.8500000000000004 573.9780027552138
0.8750000000000004 692.1563342101971
0.9000000000000005 878.7536356665548
0.9250000000000005 1251.7937309156048
0.9500000000000005 1956.8591258124202
