0.0 0.0
0.025 0.025641025641025644
0.05 0.052631578947368425
0.07500000000000001 0.08108108108108109
0.1 0.11111111111111112
0.125 0.14285714285714285
0.15 0.17647058823529413
0.175 0.21212121212121213
0.19999999999999998 0.24999999999999997
0.22499999999999998 0.29032258064516125
0.24999999999999997 0.3333333333333333
0.27499999999999997 0.37931034482758613
0.3 0.4285714285714286
0.325 0.48148148148148145
0.35000000000000003 0.5384615384615385
0.37500000000000006 0.6000000000000001
0.4000000000000001 0.666666666666667
0.4250000000000001 0.739130434782609
0.4500000000000001 0.8181818181818187
0.47500000000000014 0.9047619047619052
0.5000000000000001 1.0000000000000004
0.5250000000000001 1.1052631578947374
0.5500000000000002 1.222222222222223
0.5750000000000002 1.3529411764705892
0.6000000000000002 1.5000000000000013
0.6250000000000002 1.6666666666666683
0.6500000000000002 1.8571428571428592
0.6750000000000003 2.0769230769230793
0.7000000000000003 2.3333333333333366
0.7250000000000003 2.6363636363636407
0.7500000000000003 3.0000000000000053
0.7750000000000004 3.4444444444444513
0.8000000000000004 4.00000000000001
0.8250000000000004 4.714285714285728
0.8500000000000004 5.666666666666686
0.8750000000000004 7.000000000000028
0.9000000000000005 9.000000000000046
0.9250000000000005 12.333333333333421
0.9500000000000005 19.000000000000206
