0.0 0.0
0.025 6.042199999999999E-4
0.05 0.00277403
0.07500000000000001 0.006094510000000001
0.1 0.011031119999999998
0.125 0.01784854
0.15 0.026249920000000003
0.175 0.03693086
0.19999999999999998 0.050390769999999994
0.22499999999999998 0.06411004000000001
0.24999999999999997 0.08413780000000001
0.27499999999999997 0.10481694
0.3 0.12837894999999996
0.325 0.15693439
0.35000000000000003 0.18991291000000002
0.37500000000000006 0.22729941000000004
0.4000000000000001 0.26577829
0.4250000000000001 0.31685978
0.4500000000000001 0.36742472000000004
0.47500000000000014 0.42684197
0.5000000000000001 0.5006039400000001
0.5250000000000001 0.57923985
0.5500000000000002 0.67201846
0.5750000000000002 0.7706167899999999
0.6000000000000002 0.9033305300000001
0.6250000000000002 1.04296312
0.6500000000000002 1.2012729100000001
0.6750000000000003 1.4095871
0.7000000000000003 1.62566177
0.7250000000000003 1.9119902400000002
0.7500000000000003 2.2664708599999996
0.7750000000000004 2.71464865
0.8000000000000004 3.25240011
0.8250000000000004 3.93003765
0.8500000000000004 4.78425805
0.8750000000000004 5.981192249999999
0.9000000000000005 8.30840383
0.9250000000000005 11.2494893
0.9500000000000005 17.35086749
